750
219
995 288
753 545
339 657
461 511
861 424
71 273
94 417
200 967
858 407
881 524
603 571
572 195
124 615
982 198
744 617
64 183
894 752
659 8
794 452
153 388
344 118
635 737
494 26
585 673
341 242
146 475
115 168
769 847
482 454
866 697
256 957
796 382
689 401
628 833
534 51
188 490
716 469
824 405
956 65
313
402 330
409 88
915 481
590 415
675 99
643 595
873 759
215 529
720 410
816 943
102 61
631 684
438 236
162 15
872 221
934 619
27 973
32 993
542 156
800 979
204 487
289 714
80 304
544 394
795 620
837 705
182 793
414 82
20 163
444 76
67 609
841 285
991 953
130 175
553 653
513 577
386 495
327 248
49 155
758 806
353 259
97 808
898 813
932 134
231 911
651 622
392 528
670 91
40 912
169 579
525 612
101 846
157 321
10 133
810 564
404
238 297
199 31
427 385
498 901
988 257
28
95 218
589 883
46 660
84 770
892 290
521 496
825 832
165 582
214 455
695 681
243 941
676 960
147 726
371 36
929 262
661 383
868 336
331 903
710 253
173 828
776
671
789 434
9
781 478
22
237 47
522 66
857 291
599 897
350 30
85 937
137 977
365 735
324 270
271 765
447 408
703 108
947 306
355 57
815
467
228
466 484
224 573
413 150
123 751
363 930
891 662
607 151
834 563
672
686 632
543 250
629
517 958
580 119
546
203
627
723
372 471
449 717
249 562
558 840
939
797 52
373 920
121
201
724
189
443 999
263 2
12 338
131 171
114 0
44 6
105 668
234 698
59 226
172 715
143 918
48
160 419
468
740 503
117 470
375 940
81
450
335 696
860
18 403
37 801
422 965
246 548
962
552 985
103
286
78
811
721 683
418 53
144 343
241
266 535
817 600
185 126
423
244 630
111
774 814
138 152
510 206
838 547
624 345
277
361
778
332
416
398 750
180 129
879 711
227 945
984 307
664 818
586 968
275
54 601
598 783
931
73
743
648
292
862 763
474 566
853 701
316
889
636 568
465 581
885 518
893
347
98
745
451
773 882
193
994
492 116
252 980
202
337 919
436
196
538
674 459
508
805 523
161 476
280 952
549
654
109
820
69 359
876 426
786
996 55
428 458
927 835
884 437
583 445
755
184
732
283
637 158
93 537
50
479
938
910 72
969
509
557
799
265
70
456
512 633
43
634 269
760 384
96 798
457
749 665
690
190 946
75
616
971
928 699
139
802
831
559
302
367
997
998
761
24
260
145
768
104 527
318 731
625 949
7
614
295 709
975
264 916
276
762 961
587 618
852
89
446
924
255
247
578 700
159
370
23
567
596
485
921
821
56
987
272
301
736
211
905
179
777
148
245
210
539
406
742
951
570
17
387
430
507
207 395
497
230
606
13
718
254
728
533
899
239
886
803
936
551
399 501
432 366
284
935
772
729
812
887
197
60
734
92
688
258
348
611
741
502
623
397
950
908
712
431
790
362
733
364
644
309
536
34
314
4
167
299
435
268
516
113
604
713
870
663
856 909
645
569
944
140
63
505
849
964
605
867
767
863
176
429
788 376
550
187
340
923
439
411
974 191
491
333
319
390 368
74
100
826
38
575
970
666 128
278
127
217
667
904 981
687
757
412
584
992
641
110
593
261
472
725
907
120
638
706
836
225
393
859
267
692
669
865
902 608
326
25
602
680
62
576
229
483
154
400
305
914
959
178
279
704
174
462
707
39
989
378
499
532
877
360
473
592
954
655
374
906
775
441
342
166
942
541
421
125
754
926
647
561
87
223 86
29
642
530
739
380
233
358
35
460
823
844
948
83
829
878
369
819
679
727
613
771
560
216
298
19
896
480
222
514
869
652
5
132
334
356
933
658
396
136
966
875
843
240
895
420
209
45
990 310
782 871
442
294
186
785
848
381
555
293
900
141
122
804
827
300
986
377
232
649
978
722
807
574
747
678
515
164
311
296
312
58 68
354
983
520
588
779
963
194
181
730
488
208
135
323
287
597
33
477
21
328
281
791
220
839
14
112
526
925
694
854
379
389
448
682
3
440
719
640
890
493
766
874
784
391
320
913
746
106
41
433
77
626
830
594
639
880
922
693
463
107
888
702
453
149
317
357
351
591
346
540
842
500
650
845
851
212
556
205
809
11
349
708
325
352
864
519
235
792
1
90
274
329
504
976
917
855
282
303
506
315
972
738
756
822
142
677
425
554
610
646
251
764
955
780
213
656
621
787
16
850
177
691
486
170
565
192
489
531
308
748
42
464 685
79 322